1 -10.000000 -9.800000 165.000000
2 -9.800000 -9.600000 497.000000
3 -9.600000 -9.400000 830.000000
4 -9.400000 -9.200000 1126.000000
5 -9.200000 -9.000000 1384.000000
6 -9.000000 -8.800000 1577.000000
7 -8.800000 -8.600000 1746.000000
8 -8.600000 -8.400000 1874.000000
9 -8.400000 -8.200000 1943.000000
10 -8.200000 -8.000000 2125.000000
11 -8.000000 -7.800000 2071.000000
12 -7.800000 -7.600000 1933.000000
13 -7.600000 -7.400000 1790.000000
14 -7.400000 -7.200000 1711.000000
15 -7.200000 -7.000000 1565.000000
16 -7.000000 -6.800000 1433.000000
17 -6.800000 -6.600000 1241.000000
18 -6.600000 -6.400000 1071.000000
19 -6.400000 -6.200000 1002.000000
20 -6.200000 -6.000000 779.000000
21 -6.000000 -5.800000 705.000000
22 -5.800000 -5.600000 619.000000
23 -5.600000 -5.400000 535.000000
24 -5.400000 -5.200000 506.000000
25 -5.200000 -5.000000 455.000000
26 -5.000000 -4.800000 439.000000
27 -4.800000 -4.600000 466.000000
28 -4.600000 -4.400000 538.000000
29 -4.400000 -4.200000 576.000000
30 -4.200000 -4.000000 627.000000
31 -4.000000 -3.800000 691.000000
32 -3.800000 -3.600000 739.000000
33 -3.600000 -3.400000 822.000000
34 -3.400000 -3.200000 849.000000
35 -3.200000 -3.000000 971.000000
36 -3.000000 -2.800000 932.000000
37 -2.800000 -2.600000 1007.000000
38 -2.600000 -2.400000 1051.000000
39 -2.400000 -2.200000 1043.000000
40 -2.200000 -2.000000 1097.000000
41 -2.000000 -1.800000 1079.000000
42 -1.800000 -1.600000 1060.000000
43 -1.600000 -1.400000 1033.000000
44 -1.400000 -1.200000 1055.000000
45 -1.200000 -1.000000 998.000000
46 -1.000000 -0.800000 989.000000
47 -0.800000 -0.600000 973.000000
48 -0.600000 -0.400000 994.000000
49 -0.400000 -0.200000 904.000000
50 -0.200000 0.000000 928.000000
51 0.000000 0.200000 953.000000
52 0.200000 0.400000 977.000000
53 0.400000 0.600000 954.000000
54 0.600000 0.800000 942.000000
55 0.800000 1.000000 988.000000
56 1.000000 1.200000 992.000000
57 1.200000 1.400000 1017.000000
58 1.400000 1.600000 1023.000000
59 1.600000 1.800000 986.000000
60 1.800000 2.000000 1046.000000
61 2.000000 2.200000 1037.000000
62 2.200000 2.400000 992.000000
63 2.400000 2.600000 966.000000
64 2.600000 2.800000 1001.000000
65 2.800000 3.000000 1003.000000
66 3.000000 3.200000 955.000000
67 3.200000 3.400000 899.000000
68 3.400000 3.600000 914.000000
69 3.600000 3.800000 857.000000
70 3.800000 4.000000 813.000000
71 4.000000 4.200000 778.000000
72 4.200000 4.400000 745.000000
73 4.400000 4.600000 706.000000
74 4.600000 4.800000 721.000000
75 4.800000 5.000000 738.000000
76 5.000000 5.200000 691.000000
77 5.200000 5.400000 757.000000
78 5.400000 5.600000 784.000000
79 5.600000 5.800000 829.000000
80 5.800000 6.000000 793.000000
81 6.000000 6.200000 867.000000
82 6.200000 6.400000 965.000000
83 6.400000 6.600000 983.000000
84 6.600000 6.800000 1066.000000
85 6.800000 7.000000 1033.000000
86 7.000000 7.200000 1136.000000
87 7.200000 7.400000 1094.000000
88 7.400000 7.600000 1123.000000
89 7.600000 7.800000 1148.000000
90 7.800000 8.000000 1145.000000
91 8.000000 8.200000 1108.000000
92 8.200000 8.400000 1136.000000
93 8.400000 8.600000 1097.000000
94 8.600000 8.800000 1071.000000
95 8.800000 9.000000 1015.000000
96 9.000000 9.200000 956.000000
97 9.200000 9.400000 994.000000
98 9.400000 9.600000 948.000000
99 9.600000 9.800000 887.000000
100 9.800000 10.000000 827.000000
