1 -0.101392 -0.099274 0.000000
2 -0.099274 -0.097156 0.000000
3 -0.097156 -0.095038 0.000000
4 -0.095038 -0.092920 0.000000
5 -0.092920 -0.090802 1.000000
6 -0.090802 -0.088685 0.000000
7 -0.088685 -0.086567 0.000000
8 -0.086567 -0.084449 0.000000
9 -0.084449 -0.082331 1.000000
10 -0.082331 -0.080213 0.000000
11 -0.080213 -0.078095 0.000000
12 -0.078095 -0.075977 0.000000
13 -0.075977 -0.073859 0.000000
14 -0.073859 -0.071741 0.000000
15 -0.071741 -0.069623 1.000000
16 -0.069623 -0.067506 1.000000
17 -0.067506 -0.065388 0.000000
18 -0.065388 -0.063270 0.000000
19 -0.063270 -0.061152 0.000000
20 -0.061152 -0.059034 0.000000
21 -0.059034 -0.056916 1.000000
22 -0.056916 -0.054798 1.000000
23 -0.054798 -0.052680 2.000000
24 -0.052680 -0.050562 0.000000
25 -0.050562 -0.048444 0.000000
26 -0.048444 -0.046327 2.000000
27 -0.046327 -0.044209 1.000000
28 -0.044209 -0.042091 0.000000
29 -0.042091 -0.039973 1.000000
30 -0.039973 -0.037855 1.000000
31 -0.037855 -0.035737 1.000000
32 -0.035737 -0.033619 2.000000
33 -0.033619 -0.031501 3.000000
34 -0.031501 -0.029383 3.000000
35 -0.029383 -0.027265 5.000000
36 -0.027265 -0.025148 4.000000
37 -0.025148 -0.023030 5.000000
38 -0.023030 -0.020912 4.000000
39 -0.020912 -0.018794 13.000000
40 -0.018794 -0.016676 9.000000
41 -0.016676 -0.014558 7.000000
42 -0.014558 -0.012440 16.000000
43 -0.012440 -0.010322 17.000000
44 -0.010322 -0.008204 21.000000
45 -0.008204 -0.006086 30.000000
46 -0.006086 -0.003968 31.000000
47 -0.003968 -0.001851 37.000000
48 -0.001851 0.000267 28.000000
49 0.000267 0.002385 39.000000
50 0.002385 0.004503 22.000000
51 0.004503 0.006621 18.000000
52 0.006621 0.008739 17.000000
53 0.008739 0.010857 24.000000
54 0.010857 0.012975 23.000000
55 0.012975 0.015093 11.000000
56 0.015093 0.017211 12.000000
57 0.017211 0.019328 5.000000
58 0.019328 0.021446 11.000000
59 0.021446 0.023564 3.000000
60 0.023564 0.025682 8.000000
61 0.025682 0.027800 3.000000
62 0.027800 0.029918 0.000000
63 0.029918 0.032036 1.000000
64 0.032036 0.034154 3.000000
65 0.034154 0.036272 1.000000
66 0.036272 0.038390 5.000000
67 0.038390 0.040507 3.000000
68 0.040507 0.042625 4.000000
69 0.042625 0.044743 1.000000
70 0.044743 0.046861 0.000000
71 0.046861 0.048979 2.000000
72 0.048979 0.051097 2.000000
73 0.051097 0.053215 1.000000
74 0.053215 0.055333 2.000000
75 0.055333 0.057451 1.000000
76 0.057451 0.059569 2.000000
77 0.059569 0.061686 0.000000
78 0.061686 0.063804 1.000000
79 0.063804 0.065922 2.000000
80 0.065922 0.068040 0.000000
81 0.068040 0.070158 0.000000
82 0.070158 0.072276 0.000000
83 0.072276 0.074394 0.000000
84 0.074394 0.076512 0.000000
85 0.076512 0.078630 0.000000
86 0.078630 0.080748 1.000000
87 0.080748 0.082866 1.000000
88 0.082866 0.084983 0.000000
89 0.084983 0.087101 1.000000
90 0.087101 0.089219 0.000000
91 0.089219 0.091337 0.000000
92 0.091337 0.093455 1.000000
93 0.093455 0.095573 0.000000
94 0.095573 0.097691 0.000000
95 0.097691 0.099809 0.000000
96 0.099809 0.101927 2.000000
97 0.101927 0.104045 0.000000
98 0.104045 0.106162 0.000000
99 0.106162 0.108280 0.000000
100 0.108280 0.110398 0.000000
