1 2.600000 2.748000 27.000000
2 2.748000 2.896000 51.000000
3 2.896000 3.044000 59.000000
4 3.044000 3.192000 83.000000
5 3.192000 3.340000 92.000000
6 3.340000 3.488000 133.000000
7 3.488000 3.636000 159.000000
8 3.636000 3.784000 214.000000
9 3.784000 3.932000 276.000000
10 3.932000 4.080000 359.000000
11 4.080000 4.228000 423.000000
12 4.228000 4.376000 545.000000
13 4.376000 4.524000 614.000000
14 4.524000 4.672000 772.000000
15 4.672000 4.820000 893.000000
16 4.820000 4.968000 1178.000000
17 4.968000 5.116000 1451.000000
18 5.116000 5.264000 1598.000000
19 5.264000 5.412000 2021.000000
20 5.412000 5.560000 2229.000000
21 5.560000 5.708000 2724.000000
22 5.708000 5.856000 3243.000000
23 5.856000 6.004000 3763.000000
24 6.004000 6.152000 4333.000000
25 6.152000 6.300000 4870.000000
26 6.300000 6.448000 5802.000000
27 6.448000 6.596000 6477.000000
28 6.596000 6.744000 7430.000000
29 6.744000 6.892000 8304.000000
30 6.892000 7.040000 9248.000000
31 7.040000 7.188000 10465.000000
32 7.188000 7.336000 11575.000000
33 7.336000 7.484000 12718.000000
34 7.484000 7.632000 13928.000000
35 7.632000 7.780000 15299.000000
36 7.780000 7.928000 16676.000000
37 7.928000 8.076000 18033.000000
38 8.076000 8.224000 19063.000000
39 8.224000 8.372000 20704.000000
40 8.372000 8.520000 22202.000000
41 8.520000 8.668000 22961.000000
42 8.668000 8.816000 24162.000000
43 8.816000 8.964000 25382.000000
44 8.964000 9.112000 26289.000000
45 9.112000 9.260000 27171.000000
46 9.260000 9.408000 28354.000000
47 9.408000 9.556000 28415.000000
48 9.556000 9.704000 28901.000000
49 9.704000 9.852000 29292.000000
50 9.852000 10.000000 29551.000000
51 10.000000 10.148000 29601.000000
52 10.148000 10.296000 29265.000000
53 10.296000 10.444000 28738.000000
54 10.444000 10.592000 28435.000000
55 10.592000 10.740000 28135.000000
56 10.740000 10.888000 27377.000000
57 10.888000 11.036000 25991.000000
58 11.036000 11.184000 25170.000000
59 11.184000 11.332000 24017.000000
60 11.332000 11.480000 23142.000000
61 11.480000 11.628000 21716.000000
62 11.628000 11.776000 20236.000000
63 11.776000 11.924000 19302.000000
64 11.924000 12.072000 17910.000000
65 12.072000 12.220000 16547.000000
66 12.220000 12.368000 15307.000000
67 12.368000 12.516000 13792.000000
68 12.516000 12.664000 12857.000000
69 12.664000 12.812000 11710.000000
70 12.812000 12.960000 10304.000000
71 12.960000 13.108000 9399.000000
72 13.108000 13.256000 8426.000000
73 13.256000 13.404000 7362.000000
74 13.404000 13.552000 6592.000000
75 13.552000 13.700000 5737.000000
76 13.700000 13.848000 4954.000000
77 13.848000 13.996000 4235.000000
78 13.996000 14.144000 3700.000000
79 14.144000 14.292000 3161.000000
80 14.292000 14.440000 2856.000000
81 14.440000 14.588000 2379.000000
82 14.588000 14.736000 1996.000000
83 14.736000 14.884000 1657.000000
84 14.884000 15.032000 1377.000000
85 15.032000 15.180000 1150.000000
86 15.180000 15.328000 966.000000
87 15.328000 15.476000 804.000000
88 15.476000 15.624000 615.000000
89 15.624000 15.772000 520.000000
90 15.772000 15.920000 419.000000
91 15.920000 16.068000 344.000000
92 16.068000 16.216000 259.000000
93 16.216000 16.364000 224.000000
94 16.364000 16.512000 149.000000
95 16.512000 16.660000 136.000000
96 16.660000 16.808000 96.000000
97 16.808000 16.956000 68.000000
98 16.956000 17.104000 53.000000
99 17.104000 17.252000 51.000000
100 17.252000 17.400000 35.000000
