1 2.600000 2.748000 0.000000
2 2.748000 2.896000 0.000000
3 2.896000 3.044000 1.000000
4 3.044000 3.192000 0.000000
5 3.192000 3.340000 3.000000
6 3.340000 3.488000 0.000000
7 3.488000 3.636000 2.000000
8 3.636000 3.784000 4.000000
9 3.784000 3.932000 3.000000
10 3.932000 4.080000 1.000000
11 4.080000 4.228000 2.000000
12 4.228000 4.376000 8.000000
13 4.376000 4.524000 4.000000
14 4.524000 4.672000 10.000000
15 4.672000 4.820000 10.000000
16 4.820000 4.968000 12.000000
17 4.968000 5.116000 14.000000
18 5.116000 5.264000 14.000000
19 5.264000 5.412000 21.000000
20 5.412000 5.560000 24.000000
21 5.560000 5.708000 28.000000
22 5.708000 5.856000 34.000000
23 5.856000 6.004000 43.000000
24 6.004000 6.152000 42.000000
25 6.152000 6.300000 49.000000
26 6.300000 6.448000 61.000000
27 6.448000 6.596000 67.000000
28 6.596000 6.744000 77.000000
29 6.744000 6.892000 85.000000
30 6.892000 7.040000 86.000000
31 7.040000 7.188000 115.000000
32 7.188000 7.336000 110.000000
33 7.336000 7.484000 132.000000
34 7.484000 7.632000 133.000000
35 7.632000 7.780000 154.000000
36 7.780000 7.928000 173.000000
37 7.928000 8.076000 210.000000
38 8.076000 8.224000 186.000000
39 8.224000 8.372000 204.000000
40 8.372000 8.520000 220.000000
41 8.520000 8.668000 221.000000
42 8.668000 8.816000 255.000000
43 8.816000 8.964000 256.000000
44 8.964000 9.112000 245.000000
45 9.112000 9.260000 269.000000
46 9.260000 9.408000 293.000000
47 9.408000 9.556000 283.000000
48 9.556000 9.704000 273.000000
49 9.704000 9.852000 266.000000
50 9.852000 10.000000 285.000000
51 10.000000 10.148000 289.000000
52 10.148000 10.296000 273.000000
53 10.296000 10.444000 268.000000
54 10.444000 10.592000 297.000000
55 10.592000 10.740000 318.000000
56 10.740000 10.888000 270.000000
57 10.888000 11.036000 258.000000
58 11.036000 11.184000 237.000000
59 11.184000 11.332000 261.000000
60 11.332000 11.480000 209.000000
61 11.480000 11.628000 216.000000
62 11.628000 11.776000 217.000000
63 11.776000 11.924000 209.000000
64 11.924000 12.072000 177.000000
65 12.072000 12.220000 188.000000
66 12.220000 12.368000 151.000000
67 12.368000 12.516000 152.000000
68 12.516000 12.664000 126.000000
69 12.664000 12.812000 118.000000
70 12.812000 12.960000 96.000000
71 12.960000 13.108000 98.000000
72 13.108000 13.256000 85.000000
73 13.256000 13.404000 82.000000
74 13.404000 13.552000 58.000000
75 13.552000 13.700000 49.000000
76 13.700000 13.848000 50.000000
77 13.848000 13.996000 45.000000
78 13.996000 14.144000 26.000000
79 14.144000 14.292000 31.000000
80 14.292000 14.440000 24.000000
81 14.440000 14.588000 18.000000
82 14.588000 14.736000 18.000000
83 14.736000 14.884000 19.000000
84 14.884000 15.032000 18.000000
85 15.032000 15.180000 7.000000
86 15.180000 15.328000 5.000000
87 15.328000 15.476000 13.000000
88 15.476000 15.624000 6.000000
89 15.624000 15.772000 7.000000
90 15.772000 15.920000 7.000000
91 15.920000 16.068000 2.000000
92 16.068000 16.216000 4.000000
93 16.216000 16.364000 4.000000
94 16.364000 16.512000 3.000000
95 16.512000 16.660000 1.000000
96 16.660000 16.808000 0.000000
97 16.808000 16.956000 0.000000
98 16.956000 17.104000 0.000000
99 17.104000 17.252000 2.000000
100 17.252000 17.400000 0.000000
