1 27.454000 28.033033 0.000000
2 28.033033 28.612066 0.000000
3 28.612066 29.191099 0.000000
4 29.191099 29.770132 0.000000
5 29.770132 30.349165 7.000000
6 30.349165 30.928198 7.000000
7 30.928198 31.507231 16.000000
8 31.507231 32.086264 16.000000
9 32.086264 32.665297 10.000000
10 32.665297 33.244330 24.000000
11 33.244330 33.823363 30.000000
12 33.823363 34.402396 7.000000
13 34.402396 34.981429 8.000000
14 34.981429 35.560462 14.000000
15 35.560462 36.139495 7.000000
16 36.139495 36.718528 13.000000
17 36.718528 37.297561 15.000000
18 37.297561 37.876594 16.000000
19 37.876594 38.455627 14.000000
20 38.455627 39.034660 16.000000
21 39.034660 39.613693 26.000000
22 39.613693 40.192726 11.000000
23 40.192726 40.771759 12.000000
24 40.771759 41.350792 18.000000
25 41.350792 41.929825 13.000000
26 41.929825 42.508858 13.000000
27 42.508858 43.087891 9.000000
28 43.087891 43.666924 9.000000
29 43.666924 44.245957 13.000000
30 44.245957 44.824990 16.000000
31 44.824990 45.404023 8.000000
32 45.404023 45.983056 6.000000
33 45.983056 46.562089 7.000000
34 46.562089 47.141122 9.000000
35 47.141122 47.720155 5.000000
36 47.720155 48.299188 7.000000
37 48.299188 48.878221 7.000000
38 48.878221 49.457254 7.000000
39 49.457254 50.036287 6.000000
40 50.036287 50.615320 6.000000
41 50.615320 51.194353 11.000000
42 51.194353 51.773386 5.000000
43 51.773386 52.352419 8.000000
44 52.352419 52.931452 11.000000
45 52.931452 53.510485 5.000000
46 53.510485 54.089518 9.000000
47 54.089518 54.668551 5.000000
48 54.668551 55.247584 7.000000
49 55.247584 55.826617 10.000000
50 55.826617 56.405650 11.000000
51 56.405650 56.984683 9.000000
52 56.984683 57.563716 4.000000
53 57.563716 58.142749 2.000000
54 58.142749 58.721782 2.000000
55 58.721782 59.300815 6.000000
56 59.300815 59.879848 4.000000
57 59.879848 60.458881 7.000000
58 60.458881 61.037914 1.000000
59 61.037914 61.616947 5.000000
60 61.616947 62.195980 6.000000
61 62.195980 62.775013 1.000000
62 62.775013 63.354046 2.000000
63 63.354046 63.933079 2.000000
64 63.933079 64.512112 4.000000
65 64.512112 65.091145 3.000000
66 65.091145 65.670178 3.000000
67 65.670178 66.249211 5.000000
68 66.249211 66.828244 5.000000
69 66.828244 67.407277 4.000000
70 67.407277 67.986310 4.000000
71 67.986310 68.565343 3.000000
72 68.565343 69.144376 1.000000
73 69.144376 69.723409 2.000000
74 69.723409 70.302442 1.000000
75 70.302442 70.881475 1.000000
76 70.881475 71.460508 4.000000
77 71.460508 72.039541 3.000000
78 72.039541 72.618574 2.000000
79 72.618574 73.197607 1.000000
80 73.197607 73.776640 2.000000
81 73.776640 74.355673 2.000000
82 74.355673 74.934706 3.000000
83 74.934706 75.513739 2.000000
84 75.513739 76.092772 0.000000
85 76.092772 76.671805 1.000000
86 76.671805 77.250838 1.000000
87 77.250838 77.829871 4.000000
88 77.829871 78.408904 0.000000
89 78.408904 78.987937 1.000000
90 78.987937 79.566970 5.000000
91 79.566970 80.146003 1.000000
92 80.146003 80.725036 1.000000
93 80.725036 81.304069 0.000000
94 81.304069 81.883102 1.000000
95 81.883102 82.462135 0.000000
96 82.462135 83.041168 1.000000
97 83.041168 83.620201 0.000000
98 83.620201 84.199234 0.000000
99 84.199234 84.778267 0.000000
100 84.778267 85.357300 0.000000
