1 94.800000 99.474600 0.000000
2 99.474600 104.149200 0.000000
3 104.149200 108.823800 0.000000
4 108.823800 113.498400 0.000000
5 113.498400 118.173000 1.000000
6 118.173000 122.847600 1.000000
7 122.847600 127.522200 0.000000
8 127.522200 132.196800 2.000000
9 132.196800 136.871400 2.000000
10 136.871400 141.546000 8.000000
11 141.546000 146.220600 4.000000
12 146.220600 150.895200 4.000000
13 150.895200 155.569800 2.000000
14 155.569800 160.244400 13.000000
15 160.244400 164.919000 4.000000
16 164.919000 169.593600 24.000000
17 169.593600 174.268200 11.000000
18 174.268200 178.942800 4.000000
19 178.942800 183.617400 5.000000
20 183.617400 188.292000 1.000000
21 188.292000 192.966600 13.000000
22 192.966600 197.641200 6.000000
23 197.641200 202.315800 6.000000
24 202.315800 206.990400 2.000000
25 206.990400 211.665000 1.000000
26 211.665000 216.339600 36.000000
27 216.339600 221.014200 7.000000
28 221.014200 225.688800 1.000000
29 225.688800 230.363400 5.000000
30 230.363400 235.038000 5.000000
31 235.038000 239.712600 11.000000
32 239.712600 244.387200 0.000000
33 244.387200 249.061800 4.000000
34 249.061800 253.736400 28.000000
35 253.736400 258.411000 3.000000
36 258.411000 263.085600 6.000000
37 263.085600 267.760200 9.000000
38 267.760200 272.434800 0.000000
39 272.434800 277.109400 21.000000
40 277.109400 281.784000 7.000000
41 281.784000 286.458600 9.000000
42 286.458600 291.133200 14.000000
43 291.133200 295.807800 4.000000
44 295.807800 300.482400 15.000000
45 300.482400 305.157000 9.000000
46 305.157000 309.831600 5.000000
47 309.831600 314.506200 27.000000
48 314.506200 319.180800 8.000000
49 319.180800 323.855400 11.000000
50 323.855400 328.530000 5.000000
51 328.530000 333.204600 18.000000
52 333.204600 337.879200 3.000000
53 337.879200 342.553800 15.000000
54 342.553800 347.228400 0.000000
55 347.228400 351.903000 10.000000
56 351.903000 356.577600 5.000000
57 356.577600 361.252200 6.000000
58 361.252200 365.926800 19.000000
59 365.926800 370.601400 2.000000
60 370.601400 375.276000 12.000000
61 375.276000 379.950600 7.000000
62 379.950600 384.625200 13.000000
63 384.625200 389.299800 16.000000
64 389.299800 393.974400 9.000000
65 393.974400 398.649000 4.000000
66 398.649000 403.323600 7.000000
67 403.323600 407.998200 1.000000
68 407.998200 412.672800 0.000000
69 412.672800 417.347400 0.000000
70 417.347400 422.022000 0.000000
71 422.022000 426.696600 28.000000
72 426.696600 431.371200 6.000000
73 431.371200 436.045800 0.000000
74 436.045800 440.720400 5.000000
75 440.720400 445.395000 0.000000
76 445.395000 450.069600 12.000000
77 450.069600 454.744200 2.000000
78 454.744200 459.418800 0.000000
79 459.418800 464.093400 0.000000
80 464.093400 468.768000 0.000000
81 468.768000 473.442600 5.000000
82 473.442600 478.117200 13.000000
83 478.117200 482.791800 5.000000
84 482.791800 487.466400 1.000000
85 487.466400 492.141000 6.000000
86 492.141000 496.815600 0.000000
87 496.815600 501.490200 9.000000
88 501.490200 506.164800 1.000000
89 506.164800 510.839400 0.000000
90 510.839400 515.514000 0.000000
91 515.514000 520.188600 4.000000
92 520.188600 524.863200 2.000000
93 524.863200 529.537800 8.000000
94 529.537800 534.212400 5.000000
95 534.212400 538.887000 0.000000
96 538.887000 543.561600 9.000000
97 543.561600 548.236200 0.000000
98 548.236200 552.910800 0.000000
99 552.910800 557.585400 0.000000
100 557.585400 562.260000 0.000000
