1 574.070000 578.464565 0.000000
2 578.464565 582.859130 0.000000
3 582.859130 587.253695 0.000000
4 587.253695 591.648260 0.000000
5 591.648260 596.042825 29.000000
6 596.042825 600.437390 0.000000
7 600.437390 604.831955 0.000000
8 604.831955 609.226520 4.000000
9 609.226520 613.621085 26.000000
10 613.621085 618.015650 0.000000
11 618.015650 622.410215 0.000000
12 622.410215 626.804780 0.000000
13 626.804780 631.199345 5.000000
14 631.199345 635.593910 2.000000
15 635.593910 639.988475 1.000000
16 639.988475 644.383040 1.000000
17 644.383040 648.777605 0.000000
18 648.777605 653.172170 3.000000
19 653.172170 657.566735 6.000000
20 657.566735 661.961300 4.000000
21 661.961300 666.355865 4.000000
22 666.355865 670.750430 24.000000
23 670.750430 675.144995 3.000000
24 675.144995 679.539560 2.000000
25 679.539560 683.934125 3.000000
26 683.934125 688.328690 3.000000
27 688.328690 692.723255 10.000000
28 692.723255 697.117820 7.000000
29 697.117820 701.512385 8.000000
30 701.512385 705.906950 5.000000
31 705.906950 710.301515 9.000000
32 710.301515 714.696080 16.000000
33 714.696080 719.090645 4.000000
34 719.090645 723.485210 5.000000
35 723.485210 727.879775 1.000000
36 727.879775 732.274340 2.000000
37 732.274340 736.668905 9.000000
38 736.668905 741.063470 5.000000
39 741.063470 745.458035 9.000000
40 745.458035 749.852600 20.000000
41 749.852600 754.247165 18.000000
42 754.247165 758.641730 51.000000
43 758.641730 763.036295 15.000000
44 763.036295 767.430860 1.000000
45 767.430860 771.825425 8.000000
46 771.825425 776.219990 11.000000
47 776.219990 780.614555 28.000000
48 780.614555 785.009120 25.000000
49 785.009120 789.403685 12.000000
50 789.403685 793.798250 14.000000
51 793.798250 798.192815 9.000000
52 798.192815 802.587380 26.000000
53 802.587380 806.981945 27.000000
54 806.981945 811.376510 3.000000
55 811.376510 815.771075 7.000000
56 815.771075 820.165640 2.000000
57 820.165640 824.560205 9.000000
58 824.560205 828.954770 9.000000
59 828.954770 833.349335 4.000000
60 833.349335 837.743900 0.000000
61 837.743900 842.138465 6.000000
62 842.138465 846.533030 12.000000
63 846.533030 850.927595 6.000000
64 850.927595 855.322160 8.000000
65 855.322160 859.716725 13.000000
66 859.716725 864.111290 2.000000
67 864.111290 868.505855 4.000000
68 868.505855 872.900420 5.000000
69 872.900420 877.294985 4.000000
70 877.294985 881.689550 5.000000
71 881.689550 886.084115 0.000000
72 886.084115 890.478680 22.000000
73 890.478680 894.873245 8.000000
74 894.873245 899.267810 3.000000
75 899.267810 903.662375 12.000000
76 903.662375 908.056940 5.000000
77 908.056940 912.451505 0.000000
78 912.451505 916.846070 0.000000
79 916.846070 921.240635 0.000000
80 921.240635 925.635200 0.000000
81 925.635200 930.029765 4.000000
82 930.029765 934.424330 0.000000
83 934.424330 938.818895 0.000000
84 938.818895 943.213460 0.000000
85 943.213460 947.608025 0.000000
86 947.608025 952.002590 0.000000
87 952.002590 956.397155 0.000000
88 956.397155 960.791720 0.000000
89 960.791720 965.186285 0.000000
90 965.186285 969.580850 0.000000
91 969.580850 973.975415 0.000000
92 973.975415 978.369980 0.000000
93 978.369980 982.764545 0.000000
94 982.764545 987.159110 0.000000
95 987.159110 991.553675 0.000000
96 991.553675 995.948240 4.000000
97 995.948240 1000.342805 0.000000
98 1000.342805 1004.737370 0.000000
99 1004.737370 1009.131935 0.000000
100 1009.131935 1013.526500 0.000000
