1 -17.970000 -14.007615 0.000000
2 -14.007615 -10.045230 0.000000
3 -10.045230 -6.082845 0.000000
4 -6.082845 -2.120460 0.000000
5 -2.120460 1.841925 247.000000
6 1.841925 5.804310 0.000000
7 5.804310 9.766695 0.000000
8 9.766695 13.729080 3.000000
9 13.729080 17.691465 5.000000
10 17.691465 21.653850 18.000000
11 21.653850 25.616235 20.000000
12 25.616235 29.578620 6.000000
13 29.578620 33.541005 0.000000
14 33.541005 37.503390 0.000000
15 37.503390 41.465775 4.000000
16 41.465775 45.428160 8.000000
17 45.428160 49.390545 6.000000
18 49.390545 53.352930 5.000000
19 53.352930 57.315315 8.000000
20 57.315315 61.277700 0.000000
21 61.277700 65.240085 0.000000
22 65.240085 69.202470 0.000000
23 69.202470 73.164855 0.000000
24 73.164855 77.127240 9.000000
25 77.127240 81.089625 0.000000
26 81.089625 85.052010 0.000000
27 85.052010 89.014395 0.000000
28 89.014395 92.976780 0.000000
29 92.976780 96.939165 18.000000
30 96.939165 100.901550 23.000000
31 100.901550 104.863935 1.000000
32 104.863935 108.826320 22.000000
33 108.826320 112.788705 6.000000
34 112.788705 116.751090 8.000000
35 116.751090 120.713475 16.000000
36 120.713475 124.675860 4.000000
37 124.675860 128.638245 5.000000
38 128.638245 132.600630 14.000000
39 132.600630 136.563015 5.000000
40 136.563015 140.525400 5.000000
41 140.525400 144.487785 12.000000
42 144.487785 148.450170 8.000000
43 148.450170 152.412555 6.000000
44 152.412555 156.374940 1.000000
45 156.374940 160.337325 2.000000
46 160.337325 164.299710 6.000000
47 164.299710 168.262095 6.000000
48 168.262095 172.224480 3.000000
49 172.224480 176.186865 1.000000
50 176.186865 180.149250 9.000000
51 180.149250 184.111635 2.000000
52 184.111635 188.074020 6.000000
53 188.074020 192.036405 43.000000
54 192.036405 195.998790 1.000000
55 195.998790 199.961175 0.000000
56 199.961175 203.923560 8.000000
57 203.923560 207.885945 3.000000
58 207.885945 211.848330 6.000000
59 211.848330 215.810715 7.000000
60 215.810715 219.773100 0.000000
61 219.773100 223.735485 0.000000
62 223.735485 227.697870 0.000000
63 227.697870 231.660255 2.000000
64 231.660255 235.622640 0.000000
65 235.622640 239.585025 11.000000
66 239.585025 243.547410 2.000000
67 243.547410 247.509795 0.000000
68 247.509795 251.472180 4.000000
69 251.472180 255.434565 0.000000
70 255.434565 259.396950 0.000000
71 259.396950 263.359335 6.000000
72 263.359335 267.321720 0.000000
73 267.321720 271.284105 0.000000
74 271.284105 275.246490 0.000000
75 275.246490 279.208875 0.000000
76 279.208875 283.171260 3.000000
77 283.171260 287.133645 0.000000
78 287.133645 291.096030 3.000000
79 291.096030 295.058415 0.000000
80 295.058415 299.020800 0.000000
81 299.020800 302.983185 0.000000
82 302.983185 306.945570 2.000000
83 306.945570 310.907955 0.000000
84 310.907955 314.870340 0.000000
85 314.870340 318.832725 1.000000
86 318.832725 322.795110 0.000000
87 322.795110 326.757495 0.000000
88 326.757495 330.719880 0.000000
89 330.719880 334.682265 0.000000
90 334.682265 338.644650 0.000000
91 338.644650 342.607035 1.000000
92 342.607035 346.569420 0.000000
93 346.569420 350.531805 0.000000
94 350.531805 354.494190 0.000000
95 354.494190 358.456575 0.000000
96 358.456575 362.418960 1.000000
97 362.418960 366.381345 0.000000
98 366.381345 370.343730 0.000000
99 370.343730 374.306115 0.000000
100 374.306115 378.268500 0.000000
