1 -8.735000 -6.808932 0.000000
2 -6.808932 -4.882865 0.000000
3 -4.882865 -2.956797 0.000000
4 -2.956798 -1.030730 0.000000
5 -1.030730 0.895337 348.000000
6 0.895338 2.821405 0.000000
7 2.821405 4.747472 0.000000
8 4.747472 6.673540 0.000000
9 6.673540 8.599607 0.000000
10 8.599607 10.525675 0.000000
11 10.525675 12.451742 0.000000
12 12.451742 14.377810 0.000000
13 14.377810 16.303877 0.000000
14 16.303877 18.229945 0.000000
15 18.229945 20.156012 0.000000
16 20.156012 22.082080 0.000000
17 22.082080 24.008147 0.000000
18 24.008147 25.934215 12.000000
19 25.934215 27.860282 0.000000
20 27.860282 29.786350 0.000000
21 29.786350 31.712417 0.000000
22 31.712417 33.638485 0.000000
23 33.638485 35.564552 0.000000
24 35.564552 37.490620 0.000000
25 37.490620 39.416687 0.000000
26 39.416687 41.342755 0.000000
27 41.342755 43.268822 0.000000
28 43.268822 45.194890 0.000000
29 45.194890 47.120957 0.000000
30 47.120957 49.047025 0.000000
31 49.047025 50.973092 0.000000
32 50.973092 52.899160 0.000000
33 52.899160 54.825227 0.000000
34 54.825227 56.751295 0.000000
35 56.751295 58.677363 0.000000
36 58.677363 60.603430 2.000000
37 60.603430 62.529497 0.000000
38 62.529497 64.455565 0.000000
39 64.455565 66.381632 0.000000
40 66.381632 68.307700 0.000000
41 68.307700 70.233767 0.000000
42 70.233767 72.159835 0.000000
43 72.159835 74.085902 0.000000
44 74.085902 76.011970 2.000000
45 76.011970 77.938037 2.000000
46 77.938037 79.864105 16.000000
47 79.864105 81.790172 0.000000
48 81.790172 83.716240 2.000000
49 83.716240 85.642307 0.000000
50 85.642307 87.568375 6.000000
51 87.568375 89.494442 0.000000
52 89.494442 91.420510 6.000000
53 91.420510 93.346577 0.000000
54 93.346577 95.272645 17.000000
55 95.272645 97.198712 15.000000
56 97.198712 99.124780 11.000000
57 99.124780 101.050847 19.000000
58 101.050847 102.976915 0.000000
59 102.976915 104.902982 2.000000
60 104.902982 106.829050 1.000000
61 106.829050 108.755117 9.000000
62 108.755117 110.681185 0.000000
63 110.681185 112.607252 3.000000
64 112.607252 114.533320 5.000000
65 114.533320 116.459387 2.000000
66 116.459387 118.385455 16.000000
67 118.385455 120.311522 5.000000
68 120.311522 122.237590 17.000000
69 122.237590 124.163657 13.000000
70 124.163657 126.089725 18.000000
71 126.089725 128.015793 5.000000
72 128.015792 129.941860 5.000000
73 129.941860 131.867927 1.000000
74 131.867928 133.793995 12.000000
75 133.793995 135.720062 0.000000
76 135.720062 137.646130 1.000000
77 137.646130 139.572197 4.000000
78 139.572197 141.498265 8.000000
79 141.498265 143.424332 2.000000
80 143.424332 145.350400 2.000000
81 145.350400 147.276467 2.000000
82 147.276467 149.202535 2.000000
83 149.202535 151.128602 0.000000
84 151.128602 153.054670 1.000000
85 153.054670 154.980737 0.000000
86 154.980737 156.906805 0.000000
87 156.906805 158.832872 2.000000
88 158.832873 160.758940 3.000000
89 160.758940 162.685007 3.000000
90 162.685007 164.611075 5.000000
91 164.611075 166.537142 0.000000
92 166.537142 168.463210 6.000000
93 168.463210 170.389277 0.000000
94 170.389277 172.315345 1.000000
95 172.315345 174.241412 14.000000
96 174.241412 176.167480 4.000000
97 176.167480 178.093547 0.000000
98 178.093547 180.019615 0.000000
99 180.019615 181.945682 0.000000
100 181.945682 183.871750 0.000000
