1 116.040000 117.310080 0.000000
2 117.310080 118.580160 0.000000
3 118.580160 119.850240 0.000000
4 119.850240 121.120320 0.000000
5 121.120320 122.390400 2.000000
6 122.390400 123.660480 0.000000
7 123.660480 124.930560 0.000000
8 124.930560 126.200640 0.000000
9 126.200640 127.470720 6.000000
10 127.470720 128.740800 0.000000
11 128.740800 130.010880 0.000000
12 130.010880 131.280960 0.000000
13 131.280960 132.551040 0.000000
14 132.551040 133.821120 0.000000
15 133.821120 135.091200 0.000000
16 135.091200 136.361280 0.000000
17 136.361280 137.631360 0.000000
18 137.631360 138.901440 5.000000
19 138.901440 140.171520 1.000000
20 140.171520 141.441600 4.000000
21 141.441600 142.711680 6.000000
22 142.711680 143.981760 4.000000
23 143.981760 145.251840 7.000000
24 145.251840 146.521920 16.000000
25 146.521920 147.792000 5.000000
26 147.792000 149.062080 0.000000
27 149.062080 150.332160 0.000000
28 150.332160 151.602240 6.000000
29 151.602240 152.872320 0.000000
30 152.872320 154.142400 25.000000
31 154.142400 155.412480 8.000000
32 155.412480 156.682560 8.000000
33 156.682560 157.952640 17.000000
34 157.952640 159.222720 18.000000
35 159.222720 160.492800 11.000000
36 160.492800 161.762880 9.000000
37 161.762880 163.032960 23.000000
38 163.032960 164.303040 8.000000
39 164.303040 165.573120 24.000000
40 165.573120 166.843200 4.000000
41 166.843200 168.113280 18.000000
42 168.113280 169.383360 2.000000
43 169.383360 170.653440 17.000000
44 170.653440 171.923520 5.000000
45 171.923520 173.193600 12.000000
46 173.193600 174.463680 9.000000
47 174.463680 175.733760 23.000000
48 175.733760 177.003840 5.000000
49 177.003840 178.273920 12.000000
50 178.273920 179.544000 11.000000
51 179.544000 180.814080 10.000000
52 180.814080 182.084160 16.000000
53 182.084160 183.354240 3.000000
54 183.354240 184.624320 4.000000
55 184.624320 185.894400 17.000000
56 185.894400 187.164480 19.000000
57 187.164480 188.434560 4.000000
58 188.434560 189.704640 17.000000
59 189.704640 190.974720 6.000000
60 190.974720 192.244800 58.000000
61 192.244800 193.514880 8.000000
62 193.514880 194.784960 2.000000
63 194.784960 196.055040 18.000000
64 196.055040 197.325120 4.000000
65 197.325120 198.595200 1.000000
66 198.595200 199.865280 4.000000
67 199.865280 201.135360 18.000000
68 201.135360 202.405440 3.000000
69 202.405440 203.675520 18.000000
70 203.675520 204.945600 0.000000
71 204.945600 206.215680 0.000000
72 206.215680 207.485760 0.000000
73 207.485760 208.755840 0.000000
74 208.755840 210.025920 9.000000
75 210.025920 211.296000 0.000000
76 211.296000 212.566080 0.000000
77 212.566080 213.836160 1.000000
78 213.836160 215.106240 4.000000
79 215.106240 216.376320 1.000000
80 216.376320 217.646400 0.000000
81 217.646400 218.916480 0.000000
82 218.916480 220.186560 0.000000
83 220.186560 221.456640 2.000000
84 221.456640 222.726720 0.000000
85 222.726720 223.996800 0.000000
86 223.996800 225.266880 0.000000
87 225.266880 226.536960 0.000000
88 226.536960 227.807040 0.000000
89 227.807040 229.077120 52.000000
90 229.077120 230.347200 0.000000
91 230.347200 231.617280 0.000000
92 231.617280 232.887360 0.000000
93 232.887360 234.157440 0.000000
94 234.157440 235.427520 0.000000
95 235.427520 236.697600 0.000000
96 236.697600 237.967680 2.000000
97 237.967680 239.237760 0.000000
98 239.237760 240.507840 0.000000
99 240.507840 241.777920 0.000000
100 241.777920 243.048000 0.000000
