1 -15.100000 -11.108950 0.000000
2 -11.108950 -7.117900 0.000000
3 -7.117900 -3.126850 0.000000
4 -3.126850 0.864200 0.000000
5 0.864200 4.855250 22.000000
6 4.855250 8.846300 45.000000
7 8.846300 12.837350 0.000000
8 12.837350 16.828400 23.000000
9 16.828400 20.819450 0.000000
10 20.819450 24.810500 0.000000
11 24.810500 28.801550 279.000000
12 28.801550 32.792600 0.000000
13 32.792600 36.783650 0.000000
14 36.783650 40.774700 0.000000
15 40.774700 44.765750 0.000000
16 44.765750 48.756800 0.000000
17 48.756800 52.747850 0.000000
18 52.747850 56.738900 86.000000
19 56.738900 60.729950 0.000000
20 60.729950 64.721000 0.000000
21 64.721000 68.712050 0.000000
22 68.712050 72.703100 0.000000
23 72.703100 76.694150 0.000000
24 76.694150 80.685200 0.000000
25 80.685200 84.676250 0.000000
26 84.676250 88.667300 0.000000
27 88.667300 92.658350 69.000000
28 92.658350 96.649400 0.000000
29 96.649400 100.640450 52.000000
30 100.640450 104.631500 0.000000
31 104.631500 108.622550 0.000000
32 108.622550 112.613600 0.000000
33 112.613600 116.604650 0.000000
34 116.604650 120.595700 3.000000
35 120.595700 124.586750 0.000000
36 124.586750 128.577800 0.000000
37 128.577800 132.568850 0.000000
38 132.568850 136.559900 0.000000
39 136.559900 140.550950 0.000000
40 140.550950 144.542000 0.000000
41 144.542000 148.533050 0.000000
42 148.533050 152.524100 0.000000
43 152.524100 156.515150 0.000000
44 156.515150 160.506200 0.000000
45 160.506200 164.497250 0.000000
46 164.497250 168.488300 0.000000
47 168.488300 172.479350 0.000000
48 172.479350 176.470400 0.000000
49 176.470400 180.461450 22.000000
50 180.461450 184.452500 0.000000
51 184.452500 188.443550 0.000000
52 188.443550 192.434600 0.000000
53 192.434600 196.425650 0.000000
54 196.425650 200.416700 0.000000
55 200.416700 204.407750 0.000000
56 204.407750 208.398800 0.000000
57 208.398800 212.389850 0.000000
58 212.389850 216.380900 0.000000
59 216.380900 220.371950 0.000000
60 220.371950 224.363000 0.000000
61 224.363000 228.354050 0.000000
62 228.354050 232.345100 0.000000
63 232.345100 236.336150 0.000000
64 236.336150 240.327200 0.000000
65 240.327200 244.318250 0.000000
66 244.318250 248.309300 0.000000
67 248.309300 252.300350 0.000000
68 252.300350 256.291400 0.000000
69 256.291400 260.282450 0.000000
70 260.282450 264.273500 0.000000
71 264.273500 268.264550 0.000000
72 268.264550 272.255600 13.000000
73 272.255600 276.246650 0.000000
74 276.246650 280.237700 0.000000
75 280.237700 284.228750 0.000000
76 284.228750 288.219800 0.000000
77 288.219800 292.210850 0.000000
78 292.210850 296.201900 0.000000
79 296.201900 300.192950 0.000000
80 300.192950 304.184000 0.000000
81 304.184000 308.175050 0.000000
82 308.175050 312.166100 0.000000
83 312.166100 316.157150 0.000000
84 316.157150 320.148200 0.000000
85 320.148200 324.139250 0.000000
86 324.139250 328.130300 0.000000
87 328.130300 332.121350 0.000000
88 332.121350 336.112400 0.000000
89 336.112400 340.103450 0.000000
90 340.103450 344.094500 0.000000
91 344.094500 348.085550 0.000000
92 348.085550 352.076600 0.000000
93 352.076600 356.067650 0.000000
94 356.067650 360.058700 6.000000
95 360.058700 364.049750 0.000000
96 364.049750 368.040800 12.000000
97 368.040800 372.031850 0.000000
98 372.031850 376.022900 0.000000
99 376.022900 380.013950 0.000000
100 380.013950 384.005000 0.000000
