1 783.800000 787.592600 0.000000
2 787.592600 791.385200 0.000000
3 791.385200 795.177800 0.000000
4 795.177800 798.970400 0.000000
5 798.970400 802.763000 6.000000
6 802.763000 806.555600 0.000000
7 806.555600 810.348200 0.000000
8 810.348200 814.140800 2.000000
9 814.140800 817.933400 1.000000
10 817.933400 821.726000 5.000000
11 821.726000 825.518600 16.000000
12 825.518600 829.311200 4.000000
13 829.311200 833.103800 3.000000
14 833.103800 836.896400 2.000000
15 836.896400 840.689000 2.000000
16 840.689000 844.481600 2.000000
17 844.481600 848.274200 3.000000
18 848.274200 852.066800 0.000000
19 852.066800 855.859400 43.000000
20 855.859400 859.652000 2.000000
21 859.652000 863.444600 3.000000
22 863.444600 867.237200 6.000000
23 867.237200 871.029800 11.000000
24 871.029800 874.822400 0.000000
25 874.822400 878.615000 2.000000
26 878.615000 882.407600 10.000000
27 882.407600 886.200200 7.000000
28 886.200200 889.992800 0.000000
29 889.992800 893.785400 0.000000
30 893.785400 897.578000 6.000000
31 897.578000 901.370600 0.000000
32 901.370600 905.163200 5.000000
33 905.163200 908.955800 2.000000
34 908.955800 912.748400 3.000000
35 912.748400 916.541000 7.000000
36 916.541000 920.333600 5.000000
37 920.333600 924.126200 2.000000
38 924.126200 927.918800 8.000000
39 927.918800 931.711400 6.000000
40 931.711400 935.504000 56.000000
41 935.504000 939.296600 22.000000
42 939.296600 943.089200 14.000000
43 943.089200 946.881800 38.000000
44 946.881800 950.674400 7.000000
45 950.674400 954.467000 4.000000
46 954.467000 958.259600 8.000000
47 958.259600 962.052200 7.000000
48 962.052200 965.844800 6.000000
49 965.844800 969.637400 29.000000
50 969.637400 973.430000 10.000000
51 973.430000 977.222600 10.000000
52 977.222600 981.015200 10.000000
53 981.015200 984.807800 0.000000
54 984.807800 988.600400 9.000000
55 988.600400 992.393000 2.000000
56 992.393000 996.185600 1.000000
57 996.185600 999.978200 6.000000
58 999.978200 1003.770800 8.000000
59 1003.770800 1007.563400 41.000000
60 1007.563400 1011.356000 3.000000
61 1011.356000 1015.148600 9.000000
62 1015.148600 1018.941200 0.000000
63 1018.941200 1022.733800 2.000000
64 1022.733800 1026.526400 9.000000
65 1026.526400 1030.319000 12.000000
66 1030.319000 1034.111600 2.000000
67 1034.111600 1037.904200 0.000000
68 1037.904200 1041.696800 6.000000
69 1041.696800 1045.489400 7.000000
70 1045.489400 1049.282000 15.000000
71 1049.282000 1053.074600 6.000000
72 1053.074600 1056.867200 17.000000
73 1056.867200 1060.659800 9.000000
74 1060.659800 1064.452400 7.000000
75 1064.452400 1068.245000 7.000000
76 1068.245000 1072.037600 4.000000
77 1072.037600 1075.830200 4.000000
78 1075.830200 1079.622800 5.000000
79 1079.622800 1083.415400 3.000000
80 1083.415400 1087.208000 8.000000
81 1087.208000 1091.000600 4.000000
82 1091.000600 1094.793200 0.000000
83 1094.793200 1098.585800 1.000000
84 1098.585800 1102.378400 0.000000
85 1102.378400 1106.171000 0.000000
86 1106.171000 1109.963600 0.000000
87 1109.963600 1113.756200 0.000000
88 1113.756200 1117.548800 0.000000
89 1117.548800 1121.341400 2.000000
90 1121.341400 1125.134000 22.000000
91 1125.134000 1128.926600 0.000000
92 1128.926600 1132.719200 1.000000
93 1132.719200 1136.511800 4.000000
94 1136.511800 1140.304400 0.000000
95 1140.304400 1144.097000 0.000000
96 1144.097000 1147.889600 1.000000
97 1147.889600 1151.682200 0.000000
98 1151.682200 1155.474800 0.000000
99 1155.474800 1159.267400 0.000000
100 1159.267400 1163.060000 0.000000
