1 -1.610000 -1.254995 0.000000
2 -1.254995 -0.899990 0.000000
3 -0.899990 -0.544985 0.000000
4 -0.544985 -0.189980 0.000000
5 -0.189980 0.165025 182.000000
6 0.165025 0.520030 0.000000
7 0.520030 0.875035 0.000000
8 0.875035 1.230040 0.000000
9 1.230040 1.585045 0.000000
10 1.585045 1.940050 1.000000
11 1.940050 2.295055 0.000000
12 2.295055 2.650060 2.000000
13 2.650060 3.005065 5.000000
14 3.005065 3.360070 0.000000
15 3.360070 3.715075 6.000000
16 3.715075 4.070080 7.000000
17 4.070080 4.425085 3.000000
18 4.425085 4.780090 6.000000
19 4.780090 5.135095 4.000000
20 5.135095 5.490100 4.000000
21 5.490100 5.845105 17.000000
22 5.845105 6.200110 16.000000
23 6.200110 6.555115 9.000000
24 6.555115 6.910120 13.000000
25 6.910120 7.265125 13.000000
26 7.265125 7.620130 9.000000
27 7.620130 7.975135 14.000000
28 7.975135 8.330140 24.000000
29 8.330140 8.685145 10.000000
30 8.685145 9.040150 28.000000
31 9.040150 9.395155 1.000000
32 9.395155 9.750160 23.000000
33 9.750160 10.105165 25.000000
34 10.105165 10.460170 16.000000
35 10.460170 10.815175 7.000000
36 10.815175 11.170180 24.000000
37 11.170180 11.525185 21.000000
38 11.525185 11.880190 44.000000
39 11.880190 12.235195 16.000000
40 12.235195 12.590200 5.000000
41 12.590200 12.945205 6.000000
42 12.945205 13.300210 4.000000
43 13.300210 13.655215 0.000000
44 13.655215 14.010220 3.000000
45 14.010220 14.365225 11.000000
46 14.365225 14.720230 0.000000
47 14.720230 15.075235 0.000000
48 15.075235 15.430240 1.000000
49 15.430240 15.785245 0.000000
50 15.785245 16.140250 4.000000
51 16.140250 16.495255 0.000000
52 16.495255 16.850260 15.000000
53 16.850260 17.205265 0.000000
54 17.205265 17.560270 0.000000
55 17.560270 17.915275 1.000000
56 17.915275 18.270280 1.000000
57 18.270280 18.625285 6.000000
58 18.625285 18.980290 1.000000
59 18.980290 19.335295 1.000000
60 19.335295 19.690300 0.000000
61 19.690300 20.045305 1.000000
62 20.045305 20.400310 0.000000
63 20.400310 20.755315 0.000000
64 20.755315 21.110320 1.000000
65 21.110320 21.465325 0.000000
66 21.465325 21.820330 0.000000
67 21.820330 22.175335 7.000000
68 22.175335 22.530340 0.000000
69 22.530340 22.885345 0.000000
70 22.885345 23.240350 0.000000
71 23.240350 23.595355 4.000000
72 23.595355 23.950360 0.000000
73 23.950360 24.305365 0.000000
74 24.305365 24.660370 0.000000
75 24.660370 25.015375 0.000000
76 25.015375 25.370380 0.000000
77 25.370380 25.725385 0.000000
78 25.725385 26.080390 0.000000
79 26.080390 26.435395 0.000000
80 26.435395 26.790400 0.000000
81 26.790400 27.145405 0.000000
82 27.145405 27.500410 0.000000
83 27.500410 27.855415 0.000000
84 27.855415 28.210420 5.000000
85 28.210420 28.565425 0.000000
86 28.565425 28.920430 0.000000
87 28.920430 29.275435 0.000000
88 29.275435 29.630440 0.000000
89 29.630440 29.985445 0.000000
90 29.985445 30.340450 0.000000
91 30.340450 30.695455 0.000000
92 30.695455 31.050460 0.000000
93 31.050460 31.405465 0.000000
94 31.405465 31.760470 0.000000
95 31.760470 32.115475 0.000000
96 32.115475 32.470480 5.000000
97 32.470480 32.825485 0.000000
98 32.825485 33.180490 0.000000
99 33.180490 33.535495 0.000000
100 33.535495 33.890500 0.000000
