1 -3.861041 -3.826252 0.000000
2 -3.826252 -3.791464 0.000000
3 -3.791464 -3.756675 0.000000
4 -3.756675 -3.721887 0.000000
5 -3.721887 -3.687098 1.000000
6 -3.687098 -3.652310 0.000000
7 -3.652310 -3.617521 0.000000
8 -3.617521 -3.582733 1.000000
9 -3.582733 -3.547944 0.000000
10 -3.547944 -3.513156 0.000000
11 -3.513156 -3.478367 0.000000
12 -3.478367 -3.443579 1.000000
13 -3.443579 -3.408790 0.000000
14 -3.408790 -3.374002 1.000000
15 -3.374002 -3.339213 0.000000
16 -3.339213 -3.304424 0.000000
17 -3.304424 -3.269636 0.000000
18 -3.269636 -3.234847 0.000000
19 -3.234847 -3.200059 0.000000
20 -3.200059 -3.165270 1.000000
21 -3.165270 -3.130482 3.000000
22 -3.130482 -3.095693 1.000000
23 -3.095693 -3.060905 2.000000
24 -3.060905 -3.026116 1.000000
25 -3.026116 -2.991328 1.000000
26 -2.991328 -2.956539 2.000000
27 -2.956539 -2.921751 0.000000
28 -2.921751 -2.886962 5.000000
29 -2.886962 -2.852174 2.000000
30 -2.852174 -2.817385 2.000000
31 -2.817385 -2.782597 2.000000
32 -2.782597 -2.747808 3.000000
33 -2.747808 -2.713020 5.000000
34 -2.713020 -2.678231 3.000000
35 -2.678231 -2.643443 5.000000
36 -2.643443 -2.608654 4.000000
37 -2.608654 -2.573866 5.000000
38 -2.573866 -2.539077 3.000000
39 -2.539077 -2.504289 6.000000
40 -2.504289 -2.469500 5.000000
41 -2.469500 -2.434712 10.000000
42 -2.434712 -2.399923 8.000000
43 -2.399923 -2.365135 6.000000
44 -2.365135 -2.330346 9.000000
45 -2.330346 -2.295558 10.000000
46 -2.295558 -2.260769 9.000000
47 -2.260769 -2.225981 11.000000
48 -2.225981 -2.191192 15.000000
49 -2.191192 -2.156404 14.000000
50 -2.156404 -2.121615 13.000000
51 -2.121615 -2.086827 13.000000
52 -2.086827 -2.052038 24.000000
53 -2.052038 -2.017250 17.000000
54 -2.017250 -1.982461 12.000000
55 -1.982461 -1.947672 15.000000
56 -1.947672 -1.912884 25.000000
57 -1.912884 -1.878095 27.000000
58 -1.878095 -1.843307 30.000000
59 -1.843307 -1.808518 20.000000
60 -1.808518 -1.773730 27.000000
61 -1.773730 -1.738941 28.000000
62 -1.738941 -1.704153 17.000000
63 -1.704153 -1.669364 34.000000
64 -1.669364 -1.634576 37.000000
65 -1.634576 -1.599787 39.000000
66 -1.599787 -1.564999 32.000000
67 -1.564999 -1.530210 46.000000
68 -1.530210 -1.495422 41.000000
69 -1.495422 -1.460633 55.000000
70 -1.460633 -1.425845 41.000000
71 -1.425845 -1.391056 58.000000
72 -1.391056 -1.356268 52.000000
73 -1.356268 -1.321479 42.000000
74 -1.321479 -1.286691 69.000000
75 -1.286691 -1.251902 63.000000
76 -1.251902 -1.217114 53.000000
77 -1.217114 -1.182325 80.000000
78 -1.182325 -1.147537 71.000000
79 -1.147537 -1.112748 68.000000
80 -1.112748 -1.077960 72.000000
81 -1.077960 -1.043171 92.000000
82 -1.043171 -1.008383 79.000000
83 -1.008383 -0.973594 90.000000
84 -0.973594 -0.938806 92.000000
85 -0.938806 -0.904017 93.000000
86 -0.904017 -0.869229 111.000000
87 -0.869229 -0.834440 92.000000
88 -0.834440 -0.799652 96.000000
89 -0.799652 -0.764863 98.000000
90 -0.764863 -0.730075 89.000000
91 -0.730075 -0.695286 103.000000
92 -0.695286 -0.660498 118.000000
93 -0.660498 -0.625709 100.000000
94 -0.625709 -0.590920 126.000000
95 -0.590920 -0.556132 109.000000
96 -0.556132 -0.521343 30.000000
97 -0.521343 -0.486555 0.000000
98 -0.486555 -0.451766 0.000000
99 -0.451766 -0.416978 0.000000
100 -0.416978 -0.382189 0.000000
