1 -0.370565 -0.222675 0.000000
2 -0.222675 -0.074785 0.000000
3 -0.074785 0.073105 0.000000
4 0.073105 0.220996 0.000000
5 0.220996 0.368886 201.000000
6 0.368886 0.516776 347.000000
7 0.516776 0.664666 264.000000
8 0.664666 0.812556 252.000000
9 0.812556 0.960446 207.000000
10 0.960446 1.108336 189.000000
11 1.108336 1.256226 147.000000
12 1.256226 1.404116 127.000000
13 1.404116 1.552006 120.000000
14 1.552006 1.699896 96.000000
15 1.699896 1.847787 91.000000
16 1.847787 1.995677 81.000000
17 1.995677 2.143567 71.000000
18 2.143567 2.291457 73.000000
19 2.291457 2.439347 58.000000
20 2.439347 2.587237 49.000000
21 2.587237 2.735127 46.000000
22 2.735127 2.883017 48.000000
23 2.883017 3.030907 22.000000
24 3.030907 3.178797 36.000000
25 3.178797 3.326688 26.000000
26 3.326688 3.474578 28.000000
27 3.474578 3.622468 36.000000
28 3.622468 3.770358 27.000000
29 3.770358 3.918248 17.000000
30 3.918248 4.066138 13.000000
31 4.066138 4.214028 18.000000
32 4.214028 4.361918 24.000000
33 4.361918 4.509808 12.000000
34 4.509808 4.657698 14.000000
35 4.657698 4.805589 13.000000
36 4.805589 4.953479 15.000000
37 4.953479 5.101369 10.000000
38 5.101369 5.249259 9.000000
39 5.249259 5.397149 9.000000
40 5.397149 5.545039 11.000000
41 5.545039 5.692929 4.000000
42 5.692929 5.840819 7.000000
43 5.840819 5.988709 7.000000
44 5.988709 6.136599 7.000000
45 6.136599 6.284489 5.000000
46 6.284489 6.432380 5.000000
47 6.432380 6.580270 3.000000
48 6.580270 6.728160 2.000000
49 6.728160 6.876050 7.000000
50 6.876050 7.023940 1.000000
51 7.023940 7.171830 4.000000
52 7.171830 7.319720 3.000000
53 7.319720 7.467610 2.000000
54 7.467610 7.615500 4.000000
55 7.615500 7.763390 2.000000
56 7.763390 7.911281 1.000000
57 7.911281 8.059171 2.000000
58 8.059171 8.207061 2.000000
59 8.207061 8.354951 3.000000
60 8.354951 8.502841 3.000000
61 8.502841 8.650731 0.000000
62 8.650731 8.798621 1.000000
63 8.798621 8.946511 1.000000
64 8.946511 9.094401 1.000000
65 9.094401 9.242291 0.000000
66 9.242291 9.390182 1.000000
67 9.390182 9.538072 1.000000
68 9.538072 9.685962 1.000000
69 9.685962 9.833852 1.000000
70 9.833852 9.981742 2.000000
71 9.981742 10.129632 2.000000
72 10.129632 10.277522 0.000000
73 10.277522 10.425412 0.000000
74 10.425412 10.573302 0.000000
75 10.573302 10.721192 0.000000
76 10.721192 10.869082 0.000000
77 10.869082 11.016973 0.000000
78 11.016973 11.164863 0.000000
79 11.164863 11.312753 0.000000
80 11.312753 11.460643 0.000000
81 11.460643 11.608533 1.000000
82 11.608533 11.756423 0.000000
83 11.756423 11.904313 1.000000
84 11.904313 12.052203 0.000000
85 12.052203 12.200093 0.000000
86 12.200093 12.347983 0.000000
87 12.347983 12.495874 0.000000
88 12.495874 12.643764 0.000000
89 12.643764 12.791654 0.000000
90 12.791654 12.939544 1.000000
91 12.939544 13.087434 0.000000
92 13.087434 13.235324 0.000000
93 13.235324 13.383214 0.000000
94 13.383214 13.531104 0.000000
95 13.531104 13.678994 0.000000
96 13.678994 13.826884 1.000000
97 13.826884 13.974774 0.000000
98 13.974774 14.122665 0.000000
99 14.122665 14.270555 0.000000
100 14.270555 14.418445 0.000000
