1 -3.498269 -3.447484 0.000000
2 -3.447484 -3.396698 0.000000
3 -3.396698 -3.345913 0.000000
4 -3.345913 -3.295128 0.000000
5 -3.295128 -3.244343 1.000000
6 -3.244343 -3.193557 0.000000
7 -3.193557 -3.142772 0.000000
8 -3.142772 -3.091987 0.000000
9 -3.091987 -3.041201 1.000000
10 -3.041201 -2.990416 0.000000
11 -2.990416 -2.939631 0.000000
12 -2.939631 -2.888845 1.000000
13 -2.888845 -2.838060 0.000000
14 -2.838060 -2.787275 1.000000
15 -2.787275 -2.736490 0.000000
16 -2.736490 -2.685704 0.000000
17 -2.685704 -2.634919 0.000000
18 -2.634919 -2.584134 0.000000
19 -2.584134 -2.533348 0.000000
20 -2.533348 -2.482563 0.000000
21 -2.482563 -2.431778 2.000000
22 -2.431778 -2.380993 2.000000
23 -2.380993 -2.330207 1.000000
24 -2.330207 -2.279422 2.000000
25 -2.279422 -2.228637 1.000000
26 -2.228637 -2.177851 3.000000
27 -2.177851 -2.127066 2.000000
28 -2.127066 -2.076281 5.000000
29 -2.076281 -2.025495 0.000000
30 -2.025495 -1.974710 5.000000
31 -1.974710 -1.923925 3.000000
32 -1.923925 -1.873140 9.000000
33 -1.873140 -1.822354 5.000000
34 -1.822354 -1.771569 10.000000
35 -1.771569 -1.720784 6.000000
36 -1.720784 -1.669998 7.000000
37 -1.669998 -1.619213 11.000000
38 -1.619213 -1.568428 16.000000
39 -1.568428 -1.517643 17.000000
40 -1.517643 -1.466857 9.000000
41 -1.466857 -1.416072 20.000000
42 -1.416072 -1.365287 13.000000
43 -1.365287 -1.314501 16.000000
44 -1.314501 -1.263716 26.000000
45 -1.263716 -1.212931 20.000000
46 -1.212931 -1.162145 30.000000
47 -1.162145 -1.111360 36.000000
48 -1.111360 -1.060575 24.000000
49 -1.060575 -1.009790 25.000000
50 -1.009790 -0.959004 35.000000
51 -0.959004 -0.908219 40.000000
52 -0.908219 -0.857434 27.000000
53 -0.857434 -0.806648 39.000000
54 -0.806648 -0.755863 49.000000
55 -0.755863 -0.705078 59.000000
56 -0.705078 -0.654292 57.000000
57 -0.654292 -0.603507 52.000000
58 -0.603507 -0.552722 55.000000
59 -0.552722 -0.501937 58.000000
60 -0.501937 -0.451151 69.000000
61 -0.451151 -0.400366 66.000000
62 -0.400366 -0.349581 77.000000
63 -0.349581 -0.298795 81.000000
64 -0.298795 -0.248010 87.000000
65 -0.248010 -0.197225 91.000000
66 -0.197225 -0.146440 86.000000
67 -0.146440 -0.095654 77.000000
68 -0.095654 -0.044869 106.000000
69 -0.044869 0.005916 106.000000
70 0.005916 0.056702 93.000000
71 0.056702 0.107487 112.000000
72 0.107487 0.158272 87.000000
73 0.158272 0.209058 69.000000
74 0.209058 0.259843 89.000000
75 0.259843 0.310628 80.000000
76 0.310628 0.361413 80.000000
77 0.361413 0.412199 69.000000
78 0.412199 0.462984 81.000000
79 0.462984 0.513769 74.000000
80 0.513769 0.564555 70.000000
81 0.564555 0.615340 49.000000
82 0.615340 0.666125 54.000000
83 0.666125 0.716910 39.000000
84 0.716910 0.767696 36.000000
85 0.767696 0.818481 39.000000
86 0.818481 0.869266 23.000000
87 0.869266 0.920052 24.000000
88 0.920052 0.970837 18.000000
89 0.970837 1.021622 12.000000
90 1.021622 1.072408 16.000000
91 1.072408 1.123193 16.000000
92 1.123193 1.173978 6.000000
93 1.173978 1.224763 7.000000
94 1.224763 1.275549 3.000000
95 1.275549 1.326334 1.000000
96 1.326334 1.377119 2.000000
97 1.377119 1.427905 0.000000
98 1.427905 1.478690 0.000000
99 1.478690 1.529475 0.000000
100 1.529475 1.580261 0.000000
